image: map_fixed.pgm
resolution: 0.5
origin: [488155.5328171637, 5884402.735119743, 0.0]
occupied_thresh: 0.65
free_thresh: 0.196
negate: 0
